1110000000000000
1111111001101110
0001110011011101
1111101101001101
1101100111000001
1111100000111001
0001011010110101
1111010100111000
1101001111000001
1111001001010001
0001000011101010
1110111110001100
1100111000111000
1110110011110000
0000101110110011
1110101010000010
1100100101011111
1110100001001010
0000011101000011
1110011001001100
1100010101100100
1110010010001101
0000001111000111
1110001100010010
1100001001101111
1110000111011110
0000000101100000
1110000011110101
1100000010011101
1110000001011000
0000000000100111
1110000000001001
1100000000000000
1110000000001001
0000000000100111
1110000001011000
1100000010011101
1110000011110101
0000000101100000
1110000111011110
1100001001101111
1110001100010010
0000001111000111
1110010010001101
1100010101100100
1110011001001100
0000011101000011
1110100001001010
1100100101011111
1110101010000010
0000101110110011
1110110011110000
1100111000111000
1110111110001100
0001000011101010
1111001001010001
1101001111000001
1111010100111000
0001011010110101
1111100000111001
1101100111000001
1111101101001101
0001110011011101
1111111001101110
1101111111111111
0000000110010001
0010001100100010
0000010010110010
1110011000111110
0000011111000110
0010100101001010
0000101011000111
1110110000111110
0000110110101110
0010111100010101
0001000001110011
1111000111000111
0001001100001111
0011010001001100
0001010101111101
1111011010100000
0001011110110101
0011100010111100
0001100110110011
1111101010011011
0001101101110010
0011110000111000
0001110011101101
1111110110010000
0001111000100001
0011111010011111
0001111100001010
1111111101100010
0001111110100111
0011111111011000
0001111111110110
0000000000000000
0001111111110110
0011111111011000
0001111110100111
1111111101100010
0001111100001010
0011111010011111
0001111000100001
1111110110010000
0001110011101101
0011110000111000
0001101101110010
1111101010011011
0001100110110011
0011100010111100
0001011110110101
1111011010100000
0001010101111101
0011010001001100
0001001100001111
1111000111000111
0001000001110011
0010111100010101
0000110110101110
1110110000111110
0000101011000111
0010100101001010
0000011111000110
1110011000111110
0000010010110010
0010001100100010
0000000110010001
1110000000000000
1111111001101110
0001110011011101
1111101101001101
1101100111000001
1111100000111001
0001011010110101
1111010100111000
1101001111000001
1111001001010001
0001000011101010
1110111110001100
1100111000111000
1110110011110000
0000101110110011
1110101010000010
