36
-127
-247
-157
13
141
-155
-238
1
13
118
61
237
140
249
-58
-59
-86
229
-137
-238
143
242
-50
-24
-59
92
-67
-211
-155
-157
10
-128
32
170
-99
-106
-237
-243
-173
107
-43
-254
-82
29
-49
35
10
-54
-196
242
138
65
-40
120
-119
235
182
198
174
-68
42
-245
-143
133
79
-197
58
-130
21
241
217
98
76
159
143
248
-73
-97
-164
-165
137
-183
-48
-41
-175
150
12
-62
200
-137
61
18
-130
109
57
31
-45
133
-136
91
73
-193
42
88
-122
-114
-100
250
-218
115
-93
-209
-77
-161
68
247
-53
-26
90
41
-19
-38
-155
-75
-33
121
68
