4
11380
22234
18614
10584
10907
9190
-6745
-25196
-32261
-37955
-54946
-72775
-79292
-86373
-108209
-135177
-155037
-178642
-218400
-262486
-296458
-329401
-372753
-414642
-431901
-448121
-486898
-524503
-537209
-548618
-582347
-614672
-621884
-627594
-655430
-681685
-682660
-681991
-703315
-722941
-717190
-709709
-724160
-736862
-724160
-709709
-717190
-722941
-703315
-681991
-682660
-681685
-655430
-627594
-621884
-614672
-582347
-548618
-537209
-524503
-486898
-448121
-431901
-414642
-372753
-329962
-310013
-289315
-244288
-198675
-176217
-153334
-106444
-59297
-35638
-11896
35513
82836
106324
129553
176104
222230
244183
265547
309907
353519
372644
390871
431790
471677
486788
500730
537102
572174
582238
590898
621772
651147
655319
657908
682552
705548
703209
699177
717090
733282
724064
713106
724064
733282
717090
699177
703209
705548
682552
657908
655319
651147
621772
590898
582238
572174
537102
500730
486788
471677
431790
390871
372643
353517
309904
265544
244181
222230
176108
129560
106335
82850
35529
-11880
-35622
-59283
-106435
